319
5 4 47648
28 5 31239
14 30 24073
9 11 64341
45 13 19461
18 6 39546
37 8 64527
22 13 63738
44 35 73902
44 3 58564
26 34 26947
8 42 4336
14 31 7547
15 32 8586
33 22 46152
17 26 75367
17 37 46438
15 13 25833
26 32 35022
30 24 21905
35 2 14575
17 30 67085
1 11 3390
16 2 44513
1 2 30453
5 41 26994
6 16 38847
15 25 38185
2 6 35397
24 8 53118
12 29 77633
36 21 12712
11 22 19364
38 21 67350
8 13 4631
29 9 24012
20 42 43670
6 13 43128
16 21 29261
5 10 12238
4 7 40082
10 42 32440
4 2 24275
28 29 70498
1 34 16461
3 6 30892
1 12 31368
7 9 34640
5 11 18436
38 35 13693
27 0 32324
3 2 23035
30 28 2483
17 7 971
6 21 58089
39 24 48412
22 35 41859
1 28 42601
28 4 30615
43 39 26868
1 24 12410
41 42 58005
32 35 17825
22 45 78982
14 10 38703
32 6 58956
47 26 31059
38 0 1541
48 5 47224
17 12 39887
39 27 54983
1 8 57033
33 7 50407
25 35 30784
15 10 24277
47 37 2756
12 15 32230
18 19 44486
34 44 60100
48 21 3833
0 11 6175
12 42 40365
7 11 78490
20 8 42194
2 21 21926
16 8 25335
35 1 41098
8 10 52218
15 40 31619
19 43 53848
17 3 16695
34 39 14157
17 47 69279
32 28 8048
23 0 6004
27 11 487
20 30 21478
14 47 6492
2 28 69549
12 44 45559
42 38 25990
35 0 60074
32 0 76975
9 34 18850
30 11 25052
44 10 1975
34 11 28136
11 14 59131
18 35 25269
30 4 53501
5 8 61609
15 3 28624
23 7 14361
9 14 55268
27 7 1057
6 37 6631
27 3 47330
48 9 4971
35 3 52568
33 41 29015
7 10 35841
8 15 60720
0 10 36345
4 9 13911
15 28 40311
17 5 38786
45 46 34909
19 32 66645
6 7 38894
10 16 4317
13 21 61512
12 37 27227
1 27 34694
3 13 65081
21 17 15472
5 37 37168
2 12 45520
23 45 61530
0 40 6036
41 38 7970
23 46 20837
14 2 25308
1 16 1886
38 23 61033
18 36 51329
8 46 21325
13 38 31031
39 42 43407
27 28 67550
12 38 53794
7 15 78818
18 8 35235
7 16 1574
1 36 67912
46 24 18928
36 16 46475
30 36 33368
37 13 30460
15 46 69531
7 46 50363
2 41 18101
25 29 21367
10 32 40558
9 22 31755
10 11 35792
7 28 57822
8 44 45695
11 29 48726
39 31 10824
5 0 72940
31 20 8102
0 13 37373
22 6 63690
29 37 7085
9 47 33827
36 26 71270
3 5 51866
9 26 42298
2 5 43763
22 28 33305
7 26 75610
17 27 11007
8 11 21189
16 24 28581
38 4 65901
13 34 28552
30 46 3880
3 10 6151
7 22 1901
36 3 44725
26 6 68804
32 42 34361
19 2 42252
9 15 43411
41 6 60417
6 1 73519
2 32 22468
37 21 69941
5 15 36990
35 24 13773
27 6 9242
47 32 74634
1 25 5158
15 6 70699
43 45 68901
9 31 34554
21 35 70339
14 0 46509
17 4 56360
7 19 17643
41 39 52842
12 28 9234
10 28 42832
38 1 15124
25 17 31095
48 41 2193
33 12 1678
17 20 40980
14 17 53739
48 32 22463
33 4 78042
25 30 53893
2 33 25704
29 20 58707
7 24 37789
0 41 33200
2 46 32713
6 23 12204
0 22 18384
25 42 67320
42 9 61814
21 25 65444
0 20 6664
29 4 52704
47 24 32000
9 30 56402
10 36 71609
36 12 68665
11 23 37979
0 34 49585
43 25 68897
37 36 12441
17 44 73469
26 10 65238
14 43 26373
17 2 44110
32 8 46216
11 12 14606
28 24 28812
16 30 4731
14 5 41341
42 13 3253
6 11 23047
43 4 58569
26 0 48877
33 21 52873
16 15 59519
14 3 65158
40 5 62697
29 13 67885
23 10 36124
19 29 50391
44 22 54283
22 5 39976
3 25 34992
4 47 78743
40 23 21126
26 25 61370
4 14 49262
18 37 34409
4 16 47717
13 27 5492
15 0 35747
13 10 47772
36 5 36915
27 42 8013
18 26 31024
30 2 69497
19 44 18204
2 27 67526
25 40 51285
24 41 45233
10 17 50990
14 6 31824
23 33 26450
42 43 46688
34 45 34014
39 33 31533
9 27 72913
25 6 59669
15 1 19060
5 35 51359
45 0 1267
24 5 22677
5 31 10019
3 21 53679
0 21 10172
8 9 51369
28 39 36325
21 4 12935
20 18 33013
47 1 45647
28 9 25983
28 18 17051
33 9 75823
18 39 55649
1 9 68698
11 15 21957
23 30 20477
4 19 593
2 29 72756
27 38 2319
27 5 11669
33 35 48079
40 2 54514
10 25 34026
22 16 31115
12 8 39152
33 40 46150
